<?xml version="1.0"?>
<opencv_storage>
<MatrixLeft type_id="opencv-matrix">
  <rows>3</rows>
  <cols>3</cols>
  <dt>d</dt>
  <data>
    6.9517382353855157e+02 0. 6.6930171982876743e+02 0.
    6.9336737646792437e+02 3.6224831350202550e+02 0. 0. 1.</data></MatrixLeft>
<DistCoeffsLeft type_id="opencv-matrix">
  <rows>5</rows>
  <cols>1</cols>
  <dt>d</dt>
  <data>
    -1.5900738178224180e-01 1.2221682895144999e-02
    -2.1171732515917535e-03 1.6666379555710460e-03
    7.3872337849587117e-03</data></DistCoeffsLeft>
<MatrixRight type_id="opencv-matrix">
  <rows>3</rows>
  <cols>3</cols>
  <dt>d</dt>
  <data>
    6.9913938002966245e+02 0. 6.9011059427002806e+02 0.
    6.9453324543926715e+02 3.7988101905566151e+02 0. 0. 1.</data></MatrixRight>
<DistCoeffsRight type_id="opencv-matrix">
  <rows>5</rows>
  <cols>1</cols>
  <dt>d</dt>
  <data>
    -1.6939411369494931e-01 2.5555914503310673e-02
    1.4106279827855919e-03 2.2710365553993491e-03
    -1.2071003897804456e-05</data></DistCoeffsRight>
<Rotation type_id="opencv-matrix">
  <rows>3</rows>
  <cols>3</cols>
  <dt>d</dt>
  <data>
    9.9999998534184398e-01 1.4902503967120683e-04 8.4308062123462034e-05
    -1.4771826460164317e-04 9.9988303995982708e-01
    -1.5293285455032796e-02 -8.6577283920767764e-05
    1.5293272777020802e-02 9.9988304731710576e-01</data></Rotation>
<Translation type_id="opencv-matrix">
  <rows>3</rows>
  <cols>1</cols>
  <dt>d</dt>
  <data>
    -1.2026812452703790e+02 4.2601730647150816e-02
    -2.1544273620442431e+00</data></Translation>
<Essential type_id="opencv-matrix">
  <rows>3</rows>
  <cols>3</cols>
  <dt>d</dt>
  <data>
    -3.2193661326122602e-04 2.1548269000209888e+00
    9.6484756205797925e-03 -2.1648398180281063e+00
    1.8389721711495990e+00 1.2025387721161192e+02
    -2.4835931380659648e-02 -1.2025406431108630e+02
    1.8392911678640678e+00</data></Essential>
<Fundamental type_id="opencv-matrix">
  <rows>3</rows>
  <cols>3</cols>
  <dt>d</dt>
  <data>
    1.1089382364892434e-09 -7.4418237910006396e-06
    2.6719418009480320e-03 7.5064307195640638e-06
    -6.3931203078216964e-06 -2.9257612829834684e-01
    -2.7925048219542819e-03 2.9792011776176136e-01 1.</data></Fundamental>
<RectificationLeft type_id="opencv-matrix">
  <rows>3</rows>
  <cols>3</cols>
  <dt>d</dt>
  <data>
    9.9983801551897644e-01 6.8789062983668934e-05 1.7998277449237758e-02
    6.8831296006596898e-05 9.9997076978749899e-01
    -7.6455760312442332e-03 -1.7998277287774422e-02
    7.6455764113414013e-03 9.9980878530647577e-01</data></RectificationLeft>
<RectificationRight type_id="opencv-matrix">
  <rows>3</rows>
  <cols>3</cols>
  <dt>d</dt>
  <data>
    9.9983952851438096e-01 -3.5416611385311709e-04
    1.7910661252562531e-02 2.1720739493624988e-04 9.9997072897516737e-01
    7.6481379315633839e-03 -1.7912845700441670e-02
    -7.6430202954350327e-03 9.9981033911421202e-01</data></RectificationRight>
<ProjectionLeft type_id="opencv-matrix">
  <rows>3</rows>
  <cols>4</cols>
  <dt>d</dt>
  <data>
    6.3794929551996165e+02 0. 7.2784994220733643e+02 0. 0.
    6.3794929551996165e+02 3.7300988388061523e+02 0. 0. 0. 1. 0.</data></ProjectionLeft>
<ProjectionRight type_id="opencv-matrix">
  <rows>3</rows>
  <cols>4</cols>
  <dt>d</dt>
  <data>
    6.3794929551996165e+02 0. 7.2784994220733643e+02
    -7.6737279460768259e+04 0. 6.3794929551996165e+02
    3.7300988388061523e+02 0. 0. 0. 1. 0.</data></ProjectionRight>
<DisparityToDepth type_id="opencv-matrix">
  <rows>4</rows>
  <cols>4</cols>
  <dt>d</dt>
  <data>
    1. 0. 0. -7.2784994220733643e+02 0. 1. 0. -3.7300988388061523e+02 0.
    0. 0. 6.3794929551996165e+02 0. 0. 8.3134208041101016e-03 0.</data></DisparityToDepth>
<RoiLeft>
  3 19 637 694</RoiLeft>
<RoiRight>
  0 10 640 695</RoiRight>
</opencv_storage>
